EHI, ELO, IHI, ILO
6, 1986, 1987
1.000,1.000,1.000,1.000,
1.000,0.995,0.981,0.998,
7, 1986, 1988
1.000,1.000,1.000,1.000,
1.000,1.000,0.973,1.000,
0.988,1.000,1.000,0.985,
8, 1987, 1994
1.000,1.000,1.000,1.000,
1.000,1.000,1.000,1.000,
1.000,1.000,0.920,1.000,
1.000,1.000,0.946,1.000,
1.000,1.000,0.946,1.000,
1.000,0.987,0.882,1.000,
1.000,0.987,0.944,1.000,
1.000,0.994,0.891,1.000,
9, 1987, 1994
0.000,0.000,0.000,0.000,
1.000,1.000,1.000,1.000,
1.000,1.000,0.836,1.000,
1.000,1.000,0.832,1.000,
1.000,0.937,0.873,1.000,
1.000,0.927,0.792,1.000,
0.000,0.000,0.000,0.000,
0.000,0.000,0.000,0.000,
10, 1990, 1997
1.000,1.000,1.000,1.000,
1.000,0.618,1.000,1.000,
0.956,1.000,0.979,0.967,
0.899,1.000,1.029,0.844,
0.852,1.000,1.029,0.469,
0.854,1.000,0.967,0.179,
0.829,0.953,0.968,0.067,
0.823,0.836,0.968,0.016,
11, 1991, 2000
1.000,1.000,1.000,1.000,
1.000,1.000,1.000,1.000,
1.000,1.000,1.000,1.000,
0.988,1.000,0.920,1.000,
0.941,1.000,0.847,1.000,
0.941,1.000,0.847,1.000,
0.993,1.000,0.753,0.990,
0.957,1.000,0.728,0.906,
0.921,1.000,0.789,0.762,
1.000,1.000,0.827,0.536,
12, 1995, 2002
1.000,1.000,1.000,1.000,
0.965,0.960,0.933,1.000,
0.905,0.840,0.863,1.000,
0.853,0.664,0.802,0.974,
0.760,0.430,0.724,0.935,
0.822,0.295,1.000,1.000,
0.526,0.105,0.990,1.000,
0.127,0.017,0.284,0.462,
13, 1995, 2007
1.000,1.000,1.000,1.000,
1.000,0.991,0.948,1.000,
1.000,0.973,0.962,1.000,
1.000,0.898,0.938,0.943,
0.988,0.832,0.936,0.628,
0.952,0.757,0.944,0.367,
0.941,0.732,0.940,0.338,
0.927,0.680,0.911,0.311,
0.844,0.588,0.928,0.455,
0.839,0.609,0.996,0.596,
0.845,0.612,0.912,0.698,
0.870,0.653,0.871,0.787,
0.850,0.627,0.864,0.825,
14, 1997, 2005
1.000,1.000,1.000,1.000,
0.987,0.964,0.974,0.963,
0.974,0.922,0.985,0.933,
0.957,0.787,0.972,0.932,
0.941,0.653,0.970,0.870,
0.944,0.414,0.926,0.670,
0.866,0.139,0.914,0.612,
0.856,0.054,0.945,0.579,
0.940,0.042,0.837,0.530,
15, 2000, 2007
1.000,1.000,1.000,1.000,
1.000,0.961,0.983,1.000,
1.000,0.879,0.911,0.271,
0.968,0.671,0.907,0.831,
0.950,0.576,0.955,1.843,
0.852,0.378,0.841,2.564,
0.772,0.245,0.766,4.397,
0.595,0.111,0.729,2.409,
16, 2003, 2007
1.000,1.000,1.000,1.000,
1.000,1.000,1.000,1.000,
0.593,0.593,0.593,0.593,
0.567,0.567,0.567,0.567,
0.463,0.463,0.463,0.463,
17, 2006, 2007
1.000,1.000,1.000,1.000,
1.000,1.000,1.000,1.000,
18, 2006, 2007
1.000,1.000,1.000,1.000,
1.000,1.000,1.000,1.000,
