       6
 3.000000E+01 4.400000E+01 6.500000E+01 9.500000E+01 1.390000E+02 2.040000E+02 3.000000E+02 4.400000E+02 6.460000E+02 9.490000E+02
 9.490000E+02 1.392000E+03 2.040000E+03 3.000000E+03 4.400000E+03 6.460000E+03 9.450000E+03 1.390000E+04 2.040000E+04 3.000000E+04
 3.000000E+01 4.400000E+01 6.500000E+01 9.500000E+01 1.390000E+02 2.040000E+02 3.000000E+02 4.400000E+02 6.460000E+02 9.490000E+02
 9.490000E+02 1.392000E+03 2.040000E+03 3.000000E+03 4.400000E+03 6.460000E+03 9.450000E+03 1.390000E+04 2.040000E+04 3.000000E+04
 2.354546E+01 3.500000E+01 5.100000E+01 7.400000E+01 1.090000E+02 1.610000E+02 2.360000E+02 3.460000E+02 5.090000E+02 3.030000E+02
 4.430000E+02 1.091000E+03 1.608000E+03 2.360000E+03 3.460000E+03 5.050000E+03 7.440000E+03 1.095000E+04 1.610000E+04 2.371765E+04
 2.354546E+01 3.500000E+01 5.100000E+01 7.400000E+01 1.090000E+02 1.610000E+02 2.360000E+02 3.460000E+02 5.090000E+02 3.030000E+02
 4.430000E+02 1.091000E+03 1.608000E+03 2.360000E+03 3.460000E+03 5.050000E+03 7.440000E+03 1.095000E+04 1.610000E+04 2.371765E+04
 7.067000E-05 2.243000E-04 5.609000E-04 1.122000E-03 2.243000E-03 3.814000E-03 5.721000E-03 8.974000E-03 1.122000E-02 1.570000E-02
 7.600000E-02 9.600000E-02 1.300000E-01 1.600000E-01 2.100000E-01 2.700000E-01 3.300000E-01 4.100000E-01 4.900000E-01 7.500000E-01
 8.475000E-02 1.271000E-01 1.907000E-01 2.649000E-01 3.920000E-01 5.827000E-01 8.369001E-01 1.483000E+00 1.589000E+00 2.437000E+00
 5.835000E-02 8.439000E-02 1.250000E-01 1.875000E-01 2.709000E-01 3.959000E-01 5.730000E-01 8.439000E-01 1.250000E+00 1.800000E+00
 1.699871E+06 7.961276E+05 4.639046E+05 3.364982E+05 2.479369E+05 2.153720E+05 2.104670E+05 1.967134E+05 2.314562E+05 9.846613E+04
 2.973953E+04 5.798257E+04 6.310832E+04 7.525511E+04 8.406220E+04 9.542706E+04 1.150278E+05 1.362618E+05 1.676385E+05 1.613445E+05
 5.099612E+04 3.502961E+04 3.015380E+04 3.196733E+04 3.446323E+04 4.393588E+04 6.314010E+04 8.655391E+04 1.495207E+05 9.344436E+04
 2.822281E+04 8.071173E+04 1.287410E+05 2.257653E+05 3.698737E+05 6.164588E+05 1.087013E+06 1.894039E+06 3.419825E+06 4.840336E+06
 1.417462E+03 1.404968E+03 1.364468E+03 1.425259E+03 1.418680E+03 1.409694E+03 1.438740E+03 1.190362E+03 1.634323E+03 6.343530E+02
 3.873529E+04 6.595955E+04 6.563266E+04 6.421769E+04 6.516450E+04 6.508034E+04 6.624639E+04 6.620138E+04 6.571429E+04 6.722689E+04
 4.252385E+01 6.181859E+01 8.869044E+01 1.353996E+02 1.971965E+02 2.875775E+02 4.316221E+02 5.237591E+02 1.055773E+03 6.020010E+02
 3.675979E+04 9.181570E+04 1.338906E+05 1.926531E+05 2.867238E+05 4.204190E+05 6.260284E+05 9.201992E+05 1.340572E+06 2.016807E+06
       7
 3.000000E+01 4.400000E+01 6.500000E+01 9.500000E+01 1.390000E+02 2.040000E+02 3.000000E+02 4.400000E+02 6.460000E+02 9.490000E+02
 9.490000E+02 1.392000E+03 2.040000E+03 3.000000E+03 4.400000E+03 6.460000E+03 9.450000E+03 1.390000E+04 2.040000E+04 3.000000E+04
 3.000000E+01 4.400000E+01 6.500000E+01 9.500000E+01 1.390000E+02 2.040000E+02 3.000000E+02 4.400000E+02 6.460000E+02 9.490000E+02
 9.490000E+02 1.392000E+03 2.040000E+03 3.000000E+03 4.400000E+03 6.460000E+03 9.450000E+03 1.390000E+04 2.040000E+04 3.000000E+04
 2.354546E+01 3.500000E+01 5.100000E+01 7.400000E+01 1.090000E+02 1.610000E+02 2.360000E+02 3.460000E+02 5.090000E+02 3.030000E+02
 4.430000E+02 1.091000E+03 1.608000E+03 2.360000E+03 3.460000E+03 5.050000E+03 7.440000E+03 1.095000E+04 1.610000E+04 2.371765E+04
 2.354546E+01 3.500000E+01 5.100000E+01 7.400000E+01 1.090000E+02 1.610000E+02 2.360000E+02 3.460000E+02 5.090000E+02 3.030000E+02
 4.430000E+02 1.091000E+03 1.608000E+03 2.360000E+03 3.460000E+03 5.050000E+03 7.440000E+03 1.095000E+04 1.610000E+04 2.371765E+04
 5.527000E-04 1.067000E-03 1.939000E-03 3.297000E-03 5.624000E-03 8.824000E-03 1.261000E-02 1.939000E-02 2.424000E-02 3.200000E-02
 7.600000E-02 9.600000E-02 1.300000E-01 1.600000E-01 2.100000E-01 2.700000E-01 3.300000E-01 4.100000E-01 4.900000E-01 5.800000E-01
 6.859000E-02 9.799000E-02 1.470000E-01 2.058000E-01 3.038000E-01 4.507000E-01 6.467000E-01 9.603000E-01 1.372000E+00 2.058000E+00
 7.917999E-02 1.146000E-01 1.771000E-01 2.501000E-01 3.647000E-01 5.418000E-01 7.814000E-01 1.146000E+00 1.667000E+00 2.400000E+00
 2.173510E+05 1.673584E+05 1.341950E+05 1.145135E+05 9.888379E+04 9.309027E+04 9.548625E+04 9.104209E+04 1.071344E+05 4.830995E+04
 2.973953E+04 5.798257E+04 6.310832E+04 7.525511E+04 8.406220E+04 9.542706E+04 1.150278E+05 1.362618E+05 1.676385E+05 2.086352E+05
 6.520529E+03 7.363770E+03 8.722674E+03 1.087878E+04 1.374485E+04 1.899042E+04 2.864588E+04 4.005852E+04 6.920885E+04 4.584614E+04
 2.822281E+04 8.071173E+04 1.287410E+05 2.257653E+05 3.698737E+05 6.164588E+05 1.087013E+06 1.894039E+06 3.419825E+06 6.259055E+06
 1.751420E+03 1.822343E+03 1.770096E+03 1.834553E+03 1.830554E+03 1.822562E+03 1.861886E+03 1.838286E+03 1.892813E+03 7.511750E+02
 2.854514E+04 4.857179E+04 4.632457E+04 4.814401E+04 4.840434E+04 4.755501E+04 4.857843E+04 4.874987E+04 4.927586E+04 5.042016E+04
 5.254259E+01 8.018311E+01 1.150562E+02 1.742825E+02 2.544471E+02 3.718026E+02 5.585659E+02 8.088459E+02 1.222757E+03 7.128651E+02
 2.708933E+04 6.761192E+04 9.450213E+04 1.444320E+05 2.129791E+05 3.072054E+05 4.590661E+05 6.776231E+05 1.005228E+06 1.512605E+06
       8
 3.000000E+01 4.400000E+01 6.500000E+01 9.500000E+01 1.390000E+02 2.040000E+02 3.000000E+02 4.400000E+02 6.460000E+02 9.490000E+02
 9.490000E+02 1.392000E+03 2.040000E+03 3.000000E+03 4.400000E+03 6.460000E+03 9.450000E+03 1.390000E+04 2.040000E+04 3.000000E+04
 3.000000E+01 4.400000E+01 6.500000E+01 9.500000E+01 1.390000E+02 2.040000E+02 3.000000E+02 4.400000E+02 6.460000E+02 9.490000E+02
 9.490000E+02 1.392000E+03 2.040000E+03 3.000000E+03 4.400000E+03 6.460000E+03 9.450000E+03 1.390000E+04 2.040000E+04 3.000000E+04
 2.354546E+01 3.500000E+01 5.100000E+01 7.400000E+01 1.090000E+02 1.610000E+02 2.360000E+02 3.460000E+02 5.090000E+02 3.030000E+02
 4.430000E+02 1.091000E+03 1.608000E+03 2.360000E+03 3.460000E+03 5.050000E+03 7.440000E+03 1.095000E+04 1.610000E+04 2.371765E+04
 2.354546E+01 3.500000E+01 5.100000E+01 7.400000E+01 1.090000E+02 1.610000E+02 2.360000E+02 3.460000E+02 5.090000E+02 3.030000E+02
 4.430000E+02 1.091000E+03 1.608000E+03 2.360000E+03 3.460000E+03 5.050000E+03 7.440000E+03 1.095000E+04 1.610000E+04 2.371765E+04
 5.465000E-04 1.057000E-03 1.917000E-03 3.261000E-03 5.564000E-03 8.737000E-03 1.245000E-02 1.917000E-02 2.402000E-02 3.163000E-02
 4.270000E-02 5.390000E-02 7.300001E-02 8.990000E-02 1.180000E-01 1.520000E-01 1.850000E-01 2.300000E-01 2.750000E-01 3.260000E-01
 3.653000E-02 5.222000E-02 7.838000E-02 1.096000E-01 1.619000E-01 2.399000E-01 3.445000E-01 5.123000E-01 7.315000E-01 1.096000E+00
 3.803000E-02 5.512000E-02 8.512000E-02 1.198000E-01 1.750000E-01 2.605000E-01 3.761000E-01 5.512000E-01 8.012000E-01 1.150000E+00
 2.198168E+05 1.689418E+05 1.357350E+05 1.157777E+05 9.995012E+04 9.401724E+04 9.671338E+04 9.208691E+04 1.081157E+05 4.887507E+04
 5.293218E+04 1.032714E+05 1.123847E+05 1.339357E+05 1.496022E+05 1.695086E+05 2.051848E+05 2.429015E+05 2.987013E+05 3.711914E+05
 6.594504E+03 7.433437E+03 8.822777E+03 1.099888E+04 1.389307E+04 1.917952E+04 2.901402E+04 4.051824E+04 6.984273E+04 4.638244E+04
 5.023264E+04 1.437537E+05 2.292648E+05 4.018071E+05 6.582498E+05 1.095026E+06 1.938996E+06 3.376331E+06 6.093506E+06 1.113574E+07
 3.288527E+03 3.419598E+03 3.319777E+03 3.444809E+03 3.434975E+03 3.424046E+03 3.495157E+03 3.445845E+03 3.550156E+03 1.410509E+03
 5.943213E+04 1.009856E+05 9.638254E+04 1.005077E+05 1.008746E+05 9.890712E+04 1.009284E+05 1.013559E+05 1.025248E+05 1.052247E+05
 9.865580E+01 1.504623E+02 2.157855E+02 3.272568E+02 4.774616E+02 6.985054E+02 1.048547E+03 1.516172E+03 2.293401E+03 1.338573E+03
 5.640109E+04 1.405720E+05 1.966204E+05 3.015230E+05 4.438484E+05 6.389400E+05 9.537736E+05 1.408846E+06 2.091506E+06 3.156741E+06
       9
 3.000000E+01 4.400000E+01 6.500000E+01 9.500000E+01 1.390000E+02 2.040000E+02 3.000000E+02 4.400000E+02 6.460000E+02 9.490000E+02
 9.490000E+02 1.392000E+03 2.040000E+03 3.000000E+03 4.400000E+03 6.460000E+03 9.450000E+03 1.390000E+04 2.040000E+04 3.000000E+04
 3.000000E+01 4.400000E+01 6.500000E+01 9.500000E+01 1.390000E+02 2.040000E+02 3.000000E+02 4.400000E+02 6.460000E+02 9.490000E+02
 9.490000E+02 1.392000E+03 2.040000E+03 3.000000E+03 4.400000E+03 6.460000E+03 9.450000E+03 1.390000E+04 2.040000E+04 3.000000E+04
 2.354546E+01 3.500000E+01 5.100000E+01 7.400000E+01 1.090000E+02 1.610000E+02 2.360000E+02 3.460000E+02 5.090000E+02 3.030000E+02
 4.430000E+02 1.091000E+03 1.608000E+03 2.360000E+03 3.460000E+03 5.050000E+03 7.440000E+03 1.095000E+04 1.610000E+04 2.371765E+04
 2.354546E+01 3.500000E+01 5.100000E+01 7.400000E+01 1.090000E+02 1.610000E+02 2.360000E+02 3.460000E+02 5.090000E+02 3.030000E+02
 4.430000E+02 1.091000E+03 1.608000E+03 2.360000E+03 3.460000E+03 5.050000E+03 7.440000E+03 1.095000E+04 1.610000E+04 2.371765E+04
 6.363000E-04 1.229000E-03 2.234000E-03 3.801000E-03 6.467000E-03 1.014000E-02 1.455000E-02 2.234000E-02 2.797000E-02 3.688000E-02
 2.640000E-02 3.330000E-02 4.510000E-02 5.550000E-02 7.290000E-02 9.370000E-02 1.150000E-01 1.420000E-01 1.700000E-01 2.010000E-01
 4.206000E-02 6.007000E-02 9.015001E-02 1.266000E-01 1.859000E-01 2.765000E-01 3.962000E-01 5.890000E-01 8.411000E-01 1.266000E+00
 3.772000E-02 5.459000E-02 8.439000E-02 1.188000E-01 1.740000E-01 2.584000E-01 3.720000E-01 5.459000E-01 7.939000E-01 1.140000E+00
 1.887944E+05 1.452981E+05 1.164745E+05 9.932939E+04 8.599388E+04 8.100874E+04 8.275476E+04 7.901998E+04 9.284730E+04 4.191753E+04
 8.561379E+04 1.671570E+05 1.819087E+05 2.169517E+05 2.421545E+05 2.749766E+05 3.300798E+05 3.934320E+05 4.831933E+05 6.020318E+05
 5.663832E+03 6.393118E+03 7.570844E+03 9.436292E+03 1.195315E+04 1.652578E+04 2.482643E+04 3.476879E+04 5.997936E+04 3.977973E+04
 8.124748E+04 2.326825E+05 3.710937E+05 6.508550E+05 1.065480E+06 1.776349E+06 3.119254E+06 5.468704E+06 9.857143E+06 1.806095E+07
 2.856155E+03 2.972722E+03 2.886346E+03 2.982236E+03 2.991514E+03 2.970809E+03 3.039075E+03 2.997124E+03 3.087551E+03 1.221104E+03
 5.992057E+04 1.019660E+05 9.721628E+04 1.013537E+05 1.014544E+05 9.971094E+04 1.020408E+05 1.023399E+05 1.034675E+05 1.061477E+05
 8.568464E+01 1.307998E+02 1.876125E+02 2.833124E+02 4.158204E+02 6.060450E+02 9.117227E+02 1.318735E+03 1.994558E+03 1.158828E+03
 5.686462E+04 1.419367E+05 1.983212E+05 3.040610E+05 4.463992E+05 6.441327E+05 9.642857E+05 1.422524E+06 2.110737E+06 3.184432E+06
      10
 3.000000E+01 4.400000E+01 6.500000E+01 9.500000E+01 1.390000E+02 2.040000E+02 3.000000E+02 4.400000E+02 6.460000E+02 9.490000E+02
 9.490000E+02 1.392000E+03 2.040000E+03 3.000000E+03 4.400000E+03 6.460000E+03 9.450000E+03 1.390000E+04 2.040000E+04 3.000000E+04
 3.000000E+01 4.400000E+01 6.500000E+01 9.500000E+01 1.390000E+02 2.040000E+02 3.000000E+02 4.400000E+02 6.460000E+02 9.490000E+02
 9.490000E+02 1.392000E+03 2.040000E+03 3.000000E+03 4.400000E+03 6.460000E+03 9.450000E+03 1.390000E+04 2.040000E+04 3.000000E+04
 2.354546E+01 3.500000E+01 5.100000E+01 7.400000E+01 1.090000E+02 1.610000E+02 2.360000E+02 3.460000E+02 5.090000E+02 3.030000E+02
 4.430000E+02 1.091000E+03 1.608000E+03 2.360000E+03 3.460000E+03 5.050000E+03 7.440000E+03 1.095000E+04 1.610000E+04 2.371765E+04
 2.354546E+01 3.500000E+01 5.100000E+01 7.400000E+01 1.090000E+02 1.610000E+02 2.360000E+02 3.460000E+02 5.090000E+02 3.030000E+02
 4.430000E+02 1.091000E+03 1.608000E+03 2.360000E+03 3.460000E+03 5.050000E+03 7.440000E+03 1.095000E+04 1.610000E+04 2.371765E+04
 3.628000E-04 9.389000E-04 1.952000E-03 3.697000E-03 6.839000E-03 1.219000E-02 1.740000E-02 2.506000E-02 3.714000E-02 5.206000E-02
 6.690000E-02 8.240000E-02 1.020000E-01 1.260000E-01 1.580000E-01 1.940000E-01 2.430000E-01 3.020000E-01 3.890000E-01 4.620000E-01
 1.794000E-02 2.636000E-02 3.821000E-02 5.549000E-02 8.097000E-02 1.196000E-01 1.739000E-01 2.548000E-01 3.755000E-01 5.549000E-01
 1.844000E-02 2.678000E-02 3.938000E-02 5.772000E-02 8.523000E-02 1.240000E-01 1.823000E-01 2.709000E-01 4.032000E-01 5.670000E-01
 3.311187E+05 1.901922E+05 1.333013E+05 1.021236E+05 8.131634E+04 6.738545E+04 6.920009E+04 7.044319E+04 6.992297E+04 2.969494E+04
 3.378481E+04 6.755250E+04 8.043218E+04 9.556205E+04 1.117282E+05 1.328109E+05 1.562106E+05 1.849912E+05 2.111642E+05 2.619229E+05
 9.933562E+03 8.368455E+03 8.664582E+03 9.701744E+03 1.130297E+04 1.374663E+04 2.076003E+04 3.099500E+04 4.517024E+04 2.818049E+04
 3.206179E+04 9.403308E+04 1.640816E+05 2.866861E+05 4.916043E+05 8.579582E+05 1.476190E+06 2.571378E+06 4.307749E+06 7.857688E+06
 6.696203E+03 6.774333E+03 6.809843E+03 6.803947E+03 6.868253E+03 6.868132E+03 6.923989E+03 6.928204E+03 6.915949E+03 2.785940E+03
 1.225707E+05 2.078539E+05 2.083312E+05 2.086074E+05 2.071226E+05 2.077847E+05 2.082237E+05 2.062287E+05 2.037273E+05 2.134187E+05
 2.008861E+02 2.980707E+02 4.426398E+02 6.463750E+02 9.546872E+02 1.401099E+03 2.077197E+03 3.048410E+03 4.467704E+03 2.643857E+03
 1.163196E+05 2.893326E+05 4.249956E+05 6.258221E+05 9.113396E+05 1.342289E+06 1.967714E+06 2.866579E+06 4.156038E+06 6.402560E+06
      11
 3.000000E+01 4.400000E+01 6.500000E+01 9.500000E+01 1.390000E+02 2.040000E+02 3.000000E+02 4.400000E+02 6.460000E+02 9.490000E+02
 9.490000E+02 1.392000E+03 2.040000E+03 3.000000E+03 4.400000E+03 6.460000E+03 9.450000E+03 1.390000E+04 2.040000E+04 3.000000E+04
 3.000000E+01 4.400000E+01 6.500000E+01 9.500000E+01 1.390000E+02 2.040000E+02 3.000000E+02 4.400000E+02 6.460000E+02 9.490000E+02
 9.490000E+02 1.392000E+03 2.040000E+03 3.000000E+03 4.400000E+03 6.460000E+03 9.450000E+03 1.390000E+04 2.040000E+04 3.000000E+04
 2.354546E+01 3.500000E+01 5.100000E+01 7.400000E+01 1.090000E+02 1.610000E+02 2.360000E+02 3.460000E+02 5.090000E+02 3.030000E+02
 4.430000E+02 1.091000E+03 1.608000E+03 2.360000E+03 3.460000E+03 5.050000E+03 7.440000E+03 1.095000E+04 1.610000E+04 2.371765E+04
 2.354546E+01 3.500000E+01 5.100000E+01 7.400000E+01 1.090000E+02 1.610000E+02 2.360000E+02 3.460000E+02 5.090000E+02 3.030000E+02
 4.430000E+02 1.091000E+03 1.608000E+03 2.360000E+03 3.460000E+03 5.050000E+03 7.440000E+03 1.095000E+04 1.610000E+04 2.371765E+04
 6.987000E-04 1.846000E-03 3.907000E-03 7.392000E-03 1.391000E-02 2.460000E-02 3.585000E-02 5.345000E-02 7.788000E-02 1.092000E-01
 9.500001E-02 1.210000E-01 1.490000E-01 1.820000E-01 2.260000E-01 2.780000E-01 3.490000E-01 4.280000E-01 5.440000E-01 6.310000E-01
 2.056000E-02 2.973000E-02 4.308000E-02 6.120000E-02 9.093000E-02 1.324000E-01 1.939000E-01 2.787000E-01 4.065000E-01 5.818000E-01
 1.844000E-02 2.771000E-02 4.032000E-02 5.876000E-02 8.585000E-02 1.261000E-01 1.844000E-01 2.709000E-01 3.970000E-01 5.490000E-01
 1.719334E+05 9.673423E+04 6.659945E+04 5.107562E+04 3.998005E+04 3.339141E+04 3.358666E+04 3.302725E+04 3.334539E+04 1.415676E+04
 2.379162E+04 4.600270E+04 5.506095E+04 6.615834E+04 7.811089E+04 9.268095E+04 1.087656E+05 1.305312E+05 1.509979E+05 1.917724E+05
 5.158002E+03 4.256306E+03 4.328964E+03 4.852184E+03 5.557227E+03 6.811847E+03 1.007600E+04 1.453199E+04 2.154112E+04 1.343477E+04
 2.257825E+04 6.403575E+04 1.123243E+05 1.984750E+05 3.436879E+05 5.987189E+05 1.027835E+06 1.814384E+06 3.080357E+06 5.753172E+06
 5.842893E+03 6.006439E+03 6.040021E+03 6.169135E+03 6.115940E+03 6.204144E+03 6.209807E+03 6.334074E+03 6.388533E+03 2.657130E+03
 1.225707E+05 2.008779E+05 2.034742E+05 2.049152E+05 2.056268E+05 2.043244E+05 2.058524E+05 2.062287E+05 2.069090E+05 2.204160E+05
 1.752868E+02 2.642833E+02 3.926013E+02 5.860678E+02 8.501157E+02 1.265645E+03 1.862942E+03 2.786992E+03 4.126993E+03 2.521616E+03
 1.163196E+05 2.796220E+05 4.150875E+05 6.147456E+05 9.047580E+05 1.319936E+06 1.945305E+06 2.866579E+06 4.220943E+06 6.612482E+06
      12
 3.000000E+01 4.400000E+01 6.500000E+01 9.500000E+01 1.390000E+02 2.040000E+02 3.000000E+02 4.400000E+02 6.460000E+02 9.490000E+02
 9.490000E+02 1.392000E+03 2.040000E+03 3.000000E+03 4.400000E+03 6.460000E+03 9.450000E+03 1.390000E+04 2.040000E+04 3.000000E+04
 3.000000E+01 4.400000E+01 6.500000E+01 9.500000E+01 1.390000E+02 2.040000E+02 3.000000E+02 4.400000E+02 6.460000E+02 9.490000E+02
 9.490000E+02 1.392000E+03 2.040000E+03 3.000000E+03 4.400000E+03 6.460000E+03 9.450000E+03 1.390000E+04 2.040000E+04 3.000000E+04
 2.354546E+01 3.500000E+01 5.100000E+01 7.400000E+01 1.090000E+02 1.610000E+02 2.360000E+02 3.460000E+02 5.090000E+02 3.030000E+02
 4.430000E+02 1.091000E+03 1.608000E+03 2.360000E+03 3.460000E+03 5.050000E+03 7.440000E+03 1.095000E+04 1.610000E+04 2.371765E+04
 2.354546E+01 3.500000E+01 5.100000E+01 7.400000E+01 1.090000E+02 1.610000E+02 2.360000E+02 3.460000E+02 5.090000E+02 3.030000E+02
 4.430000E+02 1.091000E+03 1.608000E+03 2.360000E+03 3.460000E+03 5.050000E+03 7.440000E+03 1.095000E+04 1.610000E+04 2.371765E+04
 4.161000E-04 1.094000E-03 2.338000E-03 4.523000E-03 8.516000E-03 1.536000E-02 2.248000E-02 3.279000E-02 4.888000E-02 6.909000E-02
 9.103000E-02 1.088000E-01 1.297000E-01 1.561000E-01 1.858000E-01 2.232000E-01 2.661000E-01 3.188000E-01 3.815000E-01 4.552000E-01
 2.098000E-02 3.084000E-02 4.499000E-02 6.566000E-02 9.600000E-02 1.402000E-01 2.051000E-01 2.988000E-01 4.371000E-01 6.390000E-01
 2.375000E-02 3.469000E-02 5.084000E-02 7.449000E-02 1.094000E-01 1.594000E-01 2.344000E-01 3.428000E-01 5.022000E-01 7.060000E-01
 2.887043E+05 1.632280E+05 1.112935E+05 8.347359E+04 6.530325E+04 5.347843E+04 5.356235E+04 5.383672E+04 5.312886E+04 2.237543E+04
 2.482922E+04 5.116109E+04 6.325430E+04 7.713528E+04 9.501109E+04 1.154360E+05 1.426501E+05 1.752426E+05 2.153155E+05 2.658357E+05
 8.661130E+03 7.182031E+03 7.234074E+03 7.929991E+03 9.077151E+03 1.090960E+04 1.606871E+04 2.368816E+04 3.432125E+04 2.123428E+04
 2.356293E+04 7.121623E+04 1.290388E+05 2.314058E+05 4.180488E+05 7.457163E+05 1.348043E+06 2.435872E+06 4.392436E+06 7.975070E+06
 5.725924E+03 5.790253E+03 5.783598E+03 5.750092E+03 5.792942E+03 5.858977E+03 5.870705E+03 5.907986E+03 5.941292E+03 2.419278E+03
 9.516648E+04 1.604591E+05 1.613706E+05 1.616434E+05 1.613625E+05 1.616393E+05 1.619419E+05 1.629736E+05 1.635660E+05 1.714000E+05
 1.717777E+02 2.547711E+02 3.759339E+02 5.462587E+02 8.052189E+02 1.195231E+03 1.761212E+03 2.599514E+03 3.838075E+03 2.295895E+03
 9.031298E+04 2.233590E+05 3.291960E+05 4.849302E+05 7.099951E+05 1.044190E+06 1.530351E+06 2.265333E+06 3.336747E+06 5.142000E+06
      13
 3.000000E+01 4.400000E+01 6.500000E+01 9.500000E+01 1.390000E+02 2.040000E+02 3.000000E+02 4.400000E+02 6.460000E+02 9.490000E+02
 9.490000E+02 1.392000E+03 2.040000E+03 3.000000E+03 4.400000E+03 6.460000E+03 9.450000E+03 1.390000E+04 2.040000E+04 3.000000E+04
 3.000000E+01 4.400000E+01 6.500000E+01 9.500000E+01 1.390000E+02 2.040000E+02 3.000000E+02 4.400000E+02 6.460000E+02 9.490000E+02
 9.490000E+02 1.392000E+03 2.040000E+03 3.000000E+03 4.400000E+03 6.460000E+03 9.450000E+03 1.390000E+04 2.040000E+04 3.000000E+04
 2.354546E+01 3.500000E+01 5.100000E+01 7.400000E+01 1.090000E+02 1.610000E+02 2.360000E+02 3.460000E+02 5.090000E+02 3.030000E+02
 4.430000E+02 1.091000E+03 1.608000E+03 2.360000E+03 3.460000E+03 5.050000E+03 7.440000E+03 1.095000E+04 1.610000E+04 2.371765E+04
 2.354546E+01 3.500000E+01 5.100000E+01 7.400000E+01 1.090000E+02 1.610000E+02 2.360000E+02 3.460000E+02 5.090000E+02 3.030000E+02
 4.430000E+02 1.091000E+03 1.608000E+03 2.360000E+03 3.460000E+03 5.050000E+03 7.440000E+03 1.095000E+04 1.610000E+04 2.371765E+04
 2.496000E-04 6.463000E-04 1.359000E-03 2.598000E-03 4.827000E-03 8.563000E-03 1.232000E-02 1.777000E-02 2.615000E-02 3.644000E-02
 5.720000E-02 7.210001E-02 9.080000E-02 1.140000E-01 1.440000E-01 1.810000E-01 2.280000E-01 2.870000E-01 3.620000E-01 4.560000E-01
 1.810000E-03 2.651000E-03 3.869000E-03 5.679000E-03 8.305000E-03 1.214000E-02 1.778000E-02 2.602000E-02 3.798000E-02 5.572000E-02
 3.251000E-02 4.772000E-02 7.001000E-02 1.027000E-01 1.511000E-01 2.209000E-01 3.240000E-01 4.761000E-01 6.981000E-01 9.840000E-01
 4.812896E+05 2.762980E+05 1.914673E+05 1.453237E+05 1.152108E+05 9.592768E+04 9.773390E+04 9.934194E+04 9.930932E+04 4.242366E+04
 3.951405E+04 7.720286E+04 9.035333E+04 1.056212E+05 1.225907E+05 1.423498E+05 1.664876E+05 1.946598E+05 2.269140E+05 2.653693E+05
 1.443869E+04 1.215711E+04 1.244538E+04 1.380575E+04 1.601430E+04 1.956925E+04 2.932017E+04 4.371045E+04 6.415382E+04 4.026006E+04
 3.749884E+04 1.074664E+05 1.843208E+05 3.168636E+05 5.393991E+05 9.195794E+05 1.573308E+06 2.705770E+06 4.629045E+06 7.961078E+06
 6.637010E+04 6.736002E+04 6.725357E+04 6.648195E+04 6.696237E+04 6.766298E+04 6.772113E+04 6.784420E+04 6.837648E+04 2.774441E+04
 6.952334E+04 1.166456E+05 1.171844E+05 1.172426E+05 1.168303E+05 1.166379E+05 1.171580E+05 1.173437E+05 1.176663E+05 1.229760E+05
 1.991103E+03 2.963841E+03 4.371482E+03 6.315786E+03 9.307769E+03 1.380325E+04 2.031634E+04 2.985145E+04 4.417121E+04 2.632944E+04
 6.597766E+04 1.623706E+05 2.390562E+05 3.517278E+05 5.140534E+05 7.534806E+05 1.107143E+06 1.631078E+06 2.400393E+06 3.689280E+06
      14
 3.000000E+01 4.400000E+01 6.500000E+01 9.500000E+01 1.390000E+02 2.040000E+02 3.000000E+02 4.400000E+02 6.460000E+02 9.490000E+02
 9.490000E+02 1.392000E+03 2.040000E+03 3.000000E+03 4.400000E+03 6.460000E+03 9.450000E+03 1.390000E+04 2.040000E+04 3.000000E+04
 3.000000E+01 4.400000E+01 6.500000E+01 9.500000E+01 1.390000E+02 2.040000E+02 3.000000E+02 4.400000E+02 6.460000E+02 9.490000E+02
 9.490000E+02 1.392000E+03 2.040000E+03 3.000000E+03 4.400000E+03 6.460000E+03 9.450000E+03 1.390000E+04 2.040000E+04 3.000000E+04
 2.354546E+01 3.500000E+01 5.100000E+01 7.400000E+01 1.090000E+02 1.610000E+02 2.360000E+02 3.460000E+02 5.090000E+02 3.030000E+02
 4.430000E+02 1.091000E+03 1.608000E+03 2.360000E+03 3.460000E+03 5.050000E+03 7.440000E+03 1.095000E+04 1.610000E+04 2.371765E+04
 2.354546E+01 3.500000E+01 5.100000E+01 7.400000E+01 1.090000E+02 1.610000E+02 2.360000E+02 3.460000E+02 5.090000E+02 3.030000E+02
 4.430000E+02 1.091000E+03 1.608000E+03 2.360000E+03 3.460000E+03 5.050000E+03 7.440000E+03 1.095000E+04 1.610000E+04 2.371765E+04
 2.746000E-04 7.104000E-04 1.488000E-03 2.839000E-03 5.287000E-03 9.314000E-03 1.345000E-02 1.930000E-02 2.828000E-02 3.939000E-02
 5.350000E-02 6.560000E-02 8.030000E-02 9.850000E-02 1.210000E-01 1.480000E-01 1.810000E-01 2.220000E-01 2.720000E-01 3.340000E-01
 3.253000E-02 4.763000E-02 6.970000E-02 1.021000E-01 1.499000E-01 2.196000E-01 3.206000E-01 4.705000E-01 6.877000E-01 1.008000E+00
 4.303000E-02 6.335000E-02 9.314000E-02 1.365000E-01 2.011000E-01 2.959000E-01 4.355000E-01 6.397000E-01 9.408000E-01 1.330000E+00
 4.374722E+05 2.513674E+05 1.748683E+05 1.329873E+05 1.051868E+05 8.819291E+04 8.952280E+04 9.146665E+04 9.182952E+04 3.924646E+04
 4.224680E+04 8.485254E+04 1.021679E+05 1.222418E+05 1.458931E+05 1.740899E+05 2.097192E+05 2.516547E+05 3.019958E+05 3.623006E+05
 1.312417E+04 1.106017E+04 1.136644E+04 1.263380E+04 1.462096E+04 1.799135E+04 2.685684E+04 4.024532E+04 5.932188E+04 3.724489E+04
 4.009221E+04 1.181147E+05 2.084225E+05 3.667254E+05 6.419296E+05 1.124621E+06 1.981847E+06 3.498000E+06 6.160714E+06 1.086902E+07
 3.692895E+03 3.749137E+03 3.733201E+03 3.697855E+03 3.709956E+03 3.740568E+03 3.755713E+03 3.751979E+03 3.776267E+03 1.533649E+03
 5.252624E+04 8.786624E+04 8.808334E+04 8.821111E+04 8.778251E+04 8.707436E+04 8.716230E+04 8.733366E+04 8.731172E+04 9.098376E+04
 1.107869E+02 1.649620E+02 2.426580E+02 3.512963E+02 5.156839E+02 7.630758E+02 1.126714E+03 1.650871E+03 2.439469E+03 1.455433E+03
 4.984740E+04 1.223098E+05 1.796900E+05 2.646333E+05 3.862430E+05 5.625004E+05 8.236838E+05 1.213938E+06 1.781159E+06 2.729513E+06
      15
 3.000000E+01 4.400000E+01 6.500000E+01 9.500000E+01 1.390000E+02 2.040000E+02 3.000000E+02 4.400000E+02 6.460000E+02 9.490000E+02
 9.490000E+02 1.392000E+03 2.040000E+03 3.000000E+03 4.400000E+03 6.460000E+03 9.450000E+03 1.390000E+04 2.040000E+04 3.000000E+04
 3.000000E+01 4.400000E+01 6.500000E+01 9.500000E+01 1.390000E+02 2.040000E+02 3.000000E+02 4.400000E+02 6.460000E+02 9.490000E+02
 9.490000E+02 1.392000E+03 2.040000E+03 3.000000E+03 4.400000E+03 6.460000E+03 9.450000E+03 1.390000E+04 2.040000E+04 3.000000E+04
 2.354546E+01 3.500000E+01 5.100000E+01 7.400000E+01 1.090000E+02 1.610000E+02 2.360000E+02 3.460000E+02 5.090000E+02 3.030000E+02
 4.430000E+02 1.091000E+03 1.608000E+03 2.360000E+03 3.460000E+03 5.050000E+03 7.440000E+03 1.095000E+04 1.610000E+04 2.371765E+04
 2.354546E+01 3.500000E+01 5.100000E+01 7.400000E+01 1.090000E+02 1.610000E+02 2.360000E+02 3.460000E+02 5.090000E+02 3.030000E+02
 4.430000E+02 1.091000E+03 1.608000E+03 2.360000E+03 3.460000E+03 5.050000E+03 7.440000E+03 1.095000E+04 1.610000E+04 2.371765E+04
 3.560000E-04 9.189000E-04 1.928000E-03 3.672000E-03 6.807000E-03 1.205000E-02 1.733000E-02 2.488000E-02 3.647000E-02 5.072000E-02
 4.662000E-02 5.760000E-02 7.116000E-02 8.790000E-02 1.086000E-01 1.341000E-01 1.657000E-01 2.046000E-01 2.528000E-01 3.124000E-01
 3.035000E-02 4.447000E-02 6.515000E-02 9.454000E-02 1.398000E-01 2.049000E-01 3.002000E-01 4.398000E-01 6.443000E-01 9.439000E-01
 2.939000E-02 4.320000E-02 6.347000E-02 9.328000E-02 1.371000E-01 2.014000E-01 2.960000E-01 4.350000E-01 6.392000E-01 9.016000E-01
 3.374435E+05 1.943317E+05 1.349606E+05 1.028189E+05 8.169861E+04 6.816835E+04 6.947962E+04 7.095282E+04 7.120754E+04 3.047946E+04
 4.848142E+04 9.663762E+04 1.152906E+05 1.369831E+05 1.625512E+05 1.921350E+05 2.290838E+05 2.730564E+05 3.249322E+05 3.873508E+05
 1.012330E+04 8.550596E+03 8.772440E+03 9.767796E+03 1.135611E+04 1.390634E+04 2.084389E+04 3.121924E+04 4.600007E+04 2.892501E+04
 4.600887E+04 1.345196E+05 2.351929E+05 4.109494E+05 7.152254E+05 1.241192E+06 2.164842E+06 3.795484E+06 6.628617E+06 1.162052E+07
 3.958151E+03 4.015548E+03 3.993923E+03 3.993558E+03 3.977986E+03 4.008925E+03 4.010932E+03 4.013884E+03 4.030636E+03 1.637799E+03
 7.690384E+04 1.288501E+05 1.292592E+05 1.290825E+05 1.287605E+05 1.279310E+05 1.282405E+05 1.284307E+05 1.285089E+05 1.342152E+05
 1.187445E+02 1.766841E+02 2.596050E+02 3.793880E+02 5.529401E+02 8.178206E+02 1.203280E+03 1.766109E+03 2.603791E+03 1.554271E+03
 7.298175E+04 1.793594E+05 2.636888E+05 3.872476E+05 5.665461E+05 8.264343E+05 1.211872E+06 1.785186E+06 2.621581E+06 4.026455E+06
      16
 3.000000E+01 4.400000E+01 6.500000E+01 9.500000E+01 1.390000E+02 2.040000E+02 3.000000E+02 4.400000E+02 6.460000E+02 9.490000E+02
 9.490000E+02 1.392000E+03 2.040000E+03 3.000000E+03 4.400000E+03 6.460000E+03 9.450000E+03 1.390000E+04 2.040000E+04 3.000000E+04
 3.000000E+01 4.400000E+01 6.500000E+01 9.500000E+01 1.390000E+02 2.040000E+02 3.000000E+02 4.400000E+02 6.460000E+02 9.490000E+02
 9.490000E+02 1.392000E+03 2.040000E+03 3.000000E+03 4.400000E+03 6.460000E+03 9.450000E+03 1.390000E+04 2.040000E+04 3.000000E+04
 2.354546E+01 3.500000E+01 5.100000E+01 7.400000E+01 1.090000E+02 1.610000E+02 2.360000E+02 3.460000E+02 5.090000E+02 3.030000E+02
 4.430000E+02 1.091000E+03 1.608000E+03 2.360000E+03 3.460000E+03 5.050000E+03 7.440000E+03 1.095000E+04 1.610000E+04 2.371765E+04
 2.354546E+01 3.500000E+01 5.100000E+01 7.400000E+01 1.090000E+02 1.610000E+02 2.360000E+02 3.460000E+02 5.090000E+02 3.030000E+02
 4.430000E+02 1.091000E+03 1.608000E+03 2.360000E+03 3.460000E+03 5.050000E+03 7.440000E+03 1.095000E+04 1.610000E+04 2.371765E+04
 3.070000E-03 6.210000E-03 1.130000E-02 1.820000E-02 2.890000E-02 4.290000E-02 6.130000E-02 8.760000E-02 1.230000E-01 9.999000E+00
 1.660000E-01 2.250000E-01 3.060000E-01 4.160000E-01 5.510000E-01 7.220000E-01 9.350000E-01 1.188000E+00 1.477000E+00 1.781000E+00
 3.940000E-03 7.450000E-03 1.570000E-02 2.300000E-02 3.420000E-02 5.050000E-02 7.180000E-02 1.050000E-01 1.620000E-01 9.999000E+00
 2.440000E-01 3.680000E-01 5.750000E-01 9.030000E-01 1.400000E+00 2.190000E+00 3.430000E+00 5.430000E+00 8.510000E+00 1.330000E+01
 7.669529E+04 5.636070E+04 4.513274E+04 4.065934E+04 3.771626E+04 3.752914E+04 3.849918E+04 3.949772E+04 4.138211E+04 3.030303E+02
 2.668675E+04 4.848889E+04 5.254902E+04 5.673077E+04 6.279492E+04 6.994459E+04 7.957219E+04 9.217172E+04 1.090047E+05 1.331704E+05
 2.300859E+03 2.479871E+03 2.933628E+03 3.862637E+03 5.242561E+03 7.655944E+03 1.154976E+04 1.737900E+04 2.673285E+04 2.875757E+02
 2.532572E+04 6.749653E+04 1.072000E+05 1.701923E+05 2.762977E+05 4.518420E+05 7.519572E+05 1.281187E+06 2.223697E+06 3.995111E+06
 5.976004E+04 4.697986E+04 3.248408E+04 3.217391E+04 3.187135E+04 3.188119E+04 3.286908E+04 3.295238E+04 3.141975E+04 3.030303E+02
 1.815574E+04 2.964674E+04 2.796522E+04 2.613511E+04 2.471429E+04 2.305936E+04 2.169096E+04 2.016575E+04 1.891892E+04 1.783282E+04
 1.792801E+03 2.067114E+03 2.111465E+03 3.056522E+03 4.430117E+03 6.503763E+03 9.860724E+03 1.449905E+04 2.029716E+04 2.875757E+02
 1.722979E+04 4.126826E+04 5.704904E+04 7.840532E+04 1.087429E+05 1.489635E+05 2.049796E+05 2.803039E+05 3.859460E+05 5.349845E+05
      17
 3.000000E+01 4.400000E+01 6.500000E+01 9.500000E+01 1.390000E+02 2.040000E+02 3.000000E+02 4.400000E+02 6.460000E+02 9.490000E+02
 9.490000E+02 1.392000E+03 2.040000E+03 3.000000E+03 4.400000E+03 6.460000E+03 9.450000E+03 1.390000E+04 2.040000E+04 3.000000E+04
 3.000000E+01 4.400000E+01 6.500000E+01 9.500000E+01 1.390000E+02 2.040000E+02 3.000000E+02 4.400000E+02 6.460000E+02 9.490000E+02
 9.490000E+02 1.392000E+03 2.040000E+03 3.000000E+03 4.400000E+03 6.460000E+03 9.450000E+03 1.390000E+04 2.040000E+04 3.000000E+04
 2.354546E+01 3.500000E+01 5.100000E+01 7.400000E+01 1.090000E+02 1.610000E+02 2.360000E+02 3.460000E+02 5.090000E+02 3.030000E+02
 4.430000E+02 1.091000E+03 1.608000E+03 2.360000E+03 3.460000E+03 5.050000E+03 7.440000E+03 1.095000E+04 1.610000E+04 2.371765E+04
 2.354546E+01 3.500000E+01 5.100000E+01 7.400000E+01 1.090000E+02 1.610000E+02 2.360000E+02 3.460000E+02 5.090000E+02 3.030000E+02
 4.430000E+02 1.091000E+03 1.608000E+03 2.360000E+03 3.460000E+03 5.050000E+03 7.440000E+03 1.095000E+04 1.610000E+04 2.371765E+04
 2.940000E-03 4.450000E-03 6.450000E-03 9.010000E-03 1.340000E-02 1.880000E-02 2.760000E-02 3.940000E-02 5.410000E-02 9.999000E+00
 7.270000E-02 1.030000E-01 1.420000E-01 1.910000E-01 2.620000E-01 3.490000E-01 4.580000E-01 6.020000E-01 8.080000E-01 1.044000E+00
 9.110000E-04 1.580000E-03 3.020000E-03 5.000000E-03 1.010000E-02 1.700000E-02 3.070000E-02 5.810000E-02 8.990000E-02 9.999000E+00
 1.220000E-01 1.990000E-01 3.060000E-01 4.700000E-01 7.150000E-01 1.130000E+00 1.700000E+00 2.540000E+00 3.810000E+00 5.710000E+00
 8.008658E+04 7.865168E+04 7.906977E+04 8.213097E+04 8.134328E+04 8.563831E+04 8.550724E+04 8.781726E+04 9.408503E+04 3.030303E+02
 6.093535E+04 1.059223E+05 1.132394E+05 1.235602E+05 1.320611E+05 1.446991E+05 1.624454E+05 1.818937E+05 1.992574E+05 2.271805E+05
 2.402597E+03 3.460674E+03 5.139535E+03 7.802442E+03 1.130672E+04 1.747021E+04 2.565217E+04 3.863959E+04 6.077893E+04 2.875757E+02
 5.782764E+04 1.474439E+05 2.310084E+05 3.706806E+05 5.810688E+05 9.347564E+05 1.535109E+06 2.528322E+06 4.064852E+06 6.815415E+06
 2.584572E+05 2.215190E+05 1.688742E+05 1.480000E+05 1.079208E+05 9.470589E+04 7.687296E+04 5.955250E+04 5.661846E+04 3.030303E+02
 3.631147E+04 5.482412E+04 5.254902E+04 5.021277E+04 4.839161E+04 4.469026E+04 4.376470E+04 4.311023E+04 4.225722E+04 4.153703E+04
 7.753717E+03 9.746835E+03 1.097682E+04 1.406000E+04 1.500099E+04 1.932000E+04 2.306189E+04 2.620310E+04 3.657553E+04 2.875757E+02
 3.445959E+04 7.631517E+04 1.072000E+05 1.506383E+05 2.129231E+05 2.886991E+05 4.135764E+05 5.992322E+05 8.620473E+05 1.246111E+06
      18
 3.000000E+01 4.400000E+01 6.500000E+01 9.500000E+01 1.390000E+02 2.040000E+02 3.000000E+02 4.400000E+02 6.460000E+02 9.490000E+02
 9.490000E+02 1.392000E+03 2.040000E+03 3.000000E+03 4.400000E+03 6.460000E+03 9.450000E+03 1.390000E+04 2.040000E+04 3.000000E+04
 3.000000E+01 4.400000E+01 6.500000E+01 9.500000E+01 1.390000E+02 2.040000E+02 3.000000E+02 4.400000E+02 6.460000E+02 9.490000E+02
 9.490000E+02 1.392000E+03 2.040000E+03 3.000000E+03 4.400000E+03 6.460000E+03 9.450000E+03 1.390000E+04 2.040000E+04 3.000000E+04
 2.354546E+01 3.500000E+01 5.100000E+01 7.400000E+01 1.090000E+02 1.610000E+02 2.360000E+02 3.460000E+02 5.090000E+02 3.030000E+02
 4.430000E+02 1.091000E+03 1.608000E+03 2.360000E+03 3.460000E+03 5.050000E+03 7.440000E+03 1.095000E+04 1.610000E+04 2.371765E+04
 2.354546E+01 3.500000E+01 5.100000E+01 7.400000E+01 1.090000E+02 1.610000E+02 2.360000E+02 3.460000E+02 5.090000E+02 3.030000E+02
 4.430000E+02 1.091000E+03 1.608000E+03 2.360000E+03 3.460000E+03 5.050000E+03 7.440000E+03 1.095000E+04 1.610000E+04 2.371765E+04
 2.390000E-03 3.860000E-03 5.620000E-03 7.080000E-03 1.040000E-02 1.400000E-02 2.030000E-02 2.960000E-02 4.100000E-02 9.999000E+00
 5.620000E-02 8.030000E-02 1.070000E-01 1.470000E-01 1.990000E-01 2.660000E-01 3.150000E-01 4.120000E-01 5.340000E-01 7.250000E-01
 1.820000E-03 4.480000E-03 1.130000E-02 2.150000E-02 3.240000E-02 4.480000E-02 7.250000E-02 1.050000E-01 1.500000E-01 9.999000E+00
 2.080000E-01 2.960000E-01 4.850000E-01 7.740000E-01 1.190000E+00 1.820000E+00 2.810000E+00 4.510000E+00 6.900000E+00 1.060000E+01
 9.851655E+04 9.067356E+04 9.074732E+04 1.045198E+05 1.048077E+05 1.150000E+05 1.162562E+05 1.168919E+05 1.241463E+05 3.030303E+02
 7.882562E+04 1.358655E+05 1.502804E+05 1.605442E+05 1.738694E+05 1.898496E+05 2.361905E+05 2.657767E+05 3.014981E+05 3.271399E+05
 2.955497E+03 3.989637E+03 5.898576E+03 9.929378E+03 1.456827E+04 2.346000E+04 3.487685E+04 5.143243E+04 8.019854E+04 2.875757E+02
 7.480551E+04 1.891248E+05 3.065720E+05 4.816327E+05 7.650252E+05 1.226429E+06 2.232000E+06 3.694296E+06 6.150562E+06 9.814198E+06
 1.293706E+05 7.812499E+04 4.513274E+04 3.441861E+04 3.364197E+04 3.593750E+04 3.255172E+04 3.295238E+04 3.393333E+04 3.030303E+02
 2.129808E+04 3.685811E+04 3.315464E+04 3.049096E+04 2.907563E+04 2.774725E+04 2.647687E+04 2.427938E+04 2.333333E+04 2.237514E+04
 3.881119E+03 3.437500E+03 2.933628E+03 3.269768E+03 4.676234E+03 7.331250E+03 9.765518E+03 1.449905E+04 2.192093E+04 2.875757E+02
 2.021188E+04 5.130648E+04 6.763547E+04 9.147288E+04 1.279328E+05 1.792472E+05 2.502064E+05 3.374833E+05 4.760000E+05 6.712542E+05
      19
 3.000000E+01 4.400000E+01 6.500000E+01 9.500000E+01 1.390000E+02 2.040000E+02 3.000000E+02 4.400000E+02 6.460000E+02 9.490000E+02
 9.490000E+02 1.392000E+03 2.040000E+03 3.000000E+03 4.400000E+03 6.460000E+03 9.450000E+03 1.390000E+04 2.040000E+04 3.000000E+04
 3.000000E+01 4.400000E+01 6.500000E+01 9.500000E+01 1.390000E+02 2.040000E+02 3.000000E+02 4.400000E+02 6.460000E+02 9.490000E+02
 9.490000E+02 1.392000E+03 2.040000E+03 3.000000E+03 4.400000E+03 6.460000E+03 9.450000E+03 1.390000E+04 2.040000E+04 3.000000E+04
 2.354546E+01 3.500000E+01 5.100000E+01 7.400000E+01 1.090000E+02 1.610000E+02 2.360000E+02 3.460000E+02 5.090000E+02 3.030000E+02
 4.430000E+02 1.091000E+03 1.608000E+03 2.360000E+03 3.460000E+03 5.050000E+03 7.440000E+03 1.095000E+04 1.610000E+04 2.371765E+04
 2.354546E+01 3.500000E+01 5.100000E+01 7.400000E+01 1.090000E+02 1.610000E+02 2.360000E+02 3.460000E+02 5.090000E+02 3.030000E+02
 4.430000E+02 1.091000E+03 1.608000E+03 2.360000E+03 3.460000E+03 5.050000E+03 7.440000E+03 1.095000E+04 1.610000E+04 2.371765E+04
 6.880000E-04 2.430000E-03 6.020000E-03 1.400000E-02 2.230000E-02 3.260000E-02 5.110000E-02 7.390000E-02 1.050000E-01 9.999000E+00
 1.450000E-01 2.130000E-01 2.870000E-01 3.750000E-01 5.360000E-01 7.150000E-01 8.770000E-01 1.103000E+00 1.335000E+00 1.542000E+00
 2.300000E-04 7.460000E-04 1.130000E-03 2.460000E-03 4.470000E-03 7.430000E-03 1.260000E-02 1.790000E-02 3.230000E-02 9.999000E+00
 5.800000E-02 8.680000E-02 1.310000E-01 2.030000E-01 3.330000E-01 4.920000E-01 7.540000E-01 1.150000E+00 1.740000E+00 2.630000E+00
 3.422305E+05 1.440329E+05 8.471761E+04 5.285714E+04 4.887892E+04 4.938650E+04 4.618395E+04 4.682003E+04 4.847619E+04 3.030303E+02
 3.055172E+04 5.122065E+04 5.602788E+04 6.293334E+04 6.455223E+04 7.062937E+04 8.483466E+04 9.927470E+04 1.205992E+05 1.538109E+05
 1.026691E+04 6.337448E+03 5.506645E+03 5.021429E+03 6.794170E+03 1.007485E+04 1.385519E+04 2.060081E+04 3.131562E+04 2.875757E+02
 2.899358E+04 7.129915E+04 1.142969E+05 1.888000E+05 2.840298E+05 4.562657E+05 8.016875E+05 1.379918E+06 2.460225E+06 4.614328E+06
 1.023715E+06 4.691688E+05 4.513274E+05 3.008130E+05 2.438479E+05 2.166891E+05 1.873016E+05 1.932961E+05 1.575851E+05 3.030303E+02
 7.637930E+04 1.256912E+05 1.227481E+05 1.162562E+05 1.039039E+05 1.026423E+05 9.867374E+04 9.521738E+04 9.252874E+04 9.018116E+04
 3.071146E+04 2.064343E+04 2.933628E+04 2.857724E+04 3.389486E+04 4.420458E+04 5.619048E+04 8.505028E+04 1.018000E+05 2.875757E+02
 7.248395E+04 1.749622E+05 2.504061E+05 3.487685E+05 4.571772E+05 6.630691E+05 9.324669E+05 1.323522E+06 1.887586E+06 2.705435E+06
